id,history_id,history_name,state,tool_id,invocation_id,workflow_id,cpuacct.usage,galaxy_memory_mb,galaxy_slots,memory.limit_in_bytes,memory.peak,memory.soft_limit_in_bytes,memtotal,processor_count,runtime_seconds
77528bfff8f6a578,5124c01d69ef64ef,anvil-test-2024-10-18-06-27,ok,ivar_consensus/1.4.3+galaxy0,,,,32641.0000000,1.0000000,,,,,,1.0000000
3e25e32d134a1f22,5124c01d69ef64ef,anvil-test-2024-10-18-06-27,ok,upload1,,,,4080.0000000,1.0000000,,,,,,6.0000000
7b0fa71957a60f3c,5124c01d69ef64ef,anvil-test-2024-10-18-06-27,ok,vcfleftalign/1.0.0_rc3+galaxy0,,,,4080.0000000,1.0000000,,,,,,0E-7
d705e0056fbf23db,5124c01d69ef64ef,anvil-test-2024-10-18-06-27,ok,upload1,,,,4080.0000000,1.0000000,,,,,,6.0000000
c880611095de4bb1,5124c01d69ef64ef,anvil-test-2024-10-18-06-27,ok,upload1,,,,4080.0000000,1.0000000,,,,,,5.0000000
d2e6412279b36d6f,5124c01d69ef64ef,anvil-test-2024-10-18-06-27,ok,vcfaddinfo/1.0.0_rc3+galaxy0,,,,4080.0000000,1.0000000,,,,,,0E-7
071f98f9bdff741d,5124c01d69ef64ef,anvil-test-2024-10-18-06-27,ok,upload1,,,,4080.0000000,1.0000000,,,,,,6.0000000
ea21c1bc264a7bc2,5124c01d69ef64ef,anvil-test-2024-10-18-06-27,ok,upload1,,,,4080.0000000,1.0000000,,,,,,6.0000000
9561928a0f084a4f,5124c01d69ef64ef,anvil-test-2024-10-18-06-27,ok,bcftools_plugin_fill_an_ac/1.15.1+galaxy4,,,,4080.0000000,1.0000000,,,,,,0E-7
31dc1e2fd7ef9c8c,5124c01d69ef64ef,anvil-test-2024-10-18-06-27,ok,upload1,,,,4080.0000000,1.0000000,,,,,,6.0000000
34e16eecb32669df,5124c01d69ef64ef,anvil-test-2024-10-18-06-27,ok,bcftools_convert_to_vcf/1.15.1+galaxy4,,,,4080.0000000,1.0000000,,,,,,0E-7
435644dd3f2d097a,5124c01d69ef64ef,anvil-test-2024-10-18-06-27,ok,upload1,,,,4080.0000000,1.0000000,,,,,,6.0000000
23101de8e8346c6d,5124c01d69ef64ef,anvil-test-2024-10-18-06-27,ok,upload1,,,,4080.0000000,1.0000000,,,,,,5.0000000
c823799ac2414e2a,5124c01d69ef64ef,anvil-test-2024-10-18-06-27,ok,bcftools_convert_to_vcf/1.15.1+galaxy4,,,,4080.0000000,1.0000000,,,,,,0E-7
a453f6d5098c774f,5124c01d69ef64ef,anvil-test-2024-10-18-06-27,ok,upload1,,,,4080.0000000,1.0000000,,,,,,5.0000000
fd9e270a805449cd,5124c01d69ef64ef,anvil-test-2024-10-18-06-27,ok,upload1,,,,4080.0000000,1.0000000,,,,,,5.0000000
48754aaf3451984b,5124c01d69ef64ef,anvil-test-2024-10-18-06-27,ok,bcftools_convert_to_vcf/1.15.1+galaxy4,,,,4080.0000000,1.0000000,,,,,,1.0000000
a1f076f24d3cce8f,5124c01d69ef64ef,anvil-test-2024-10-18-06-27,ok,upload1,,,,4080.0000000,1.0000000,,,,,,5.0000000
caefe5275f586309,5124c01d69ef64ef,anvil-test-2024-10-18-06-27,ok,upload1,,,,4080.0000000,1.0000000,,,,,,6.0000000
27f99e3e2f95f8fd,5124c01d69ef64ef,anvil-test-2024-10-18-06-27,ok,upload1,,,,4080.0000000,1.0000000,,,,,,6.0000000
9633e0023d87dbe6,5124c01d69ef64ef,anvil-test-2024-10-18-06-27,ok,bcftools_convert_to_vcf/1.15.1+galaxy4,,,,4080.0000000,1.0000000,,,,,,0E-7
eaecaa133c5c591a,5124c01d69ef64ef,anvil-test-2024-10-18-06-27,ok,upload1,,,,4080.0000000,1.0000000,,,,,,6.0000000
ef29e071d1125b78,5124c01d69ef64ef,anvil-test-2024-10-18-06-27,ok,upload1,,,,4080.0000000,1.0000000,,,,,,6.0000000
28ddb133ae769cdd,5124c01d69ef64ef,anvil-test-2024-10-18-06-27,error,bcftools_convert_to_vcf/1.15.1+galaxy4,,,,,,,,,,,
3fdbcc3b27ac53ab,5124c01d69ef64ef,anvil-test-2024-10-18-06-27,ok,upload1,,,,4080.0000000,1.0000000,,,,,,6.0000000
ba2a581908511648,5124c01d69ef64ef,anvil-test-2024-10-18-06-27,ok,upload1,,,,4080.0000000,1.0000000,,,,,,6.0000000
c36fb60072967aca,5124c01d69ef64ef,anvil-test-2024-10-18-06-27,ok,lofreq_viterbi/2.1.5+galaxy0,,,,16320.0000000,4.0000000,,,,,,0E-7
98e07e6f6afe896f,5124c01d69ef64ef,anvil-test-2024-10-18-06-27,ok,upload1,,,,4080.0000000,1.0000000,,,,,,6.0000000
e6d02818af9a4b1b,5124c01d69ef64ef,anvil-test-2024-10-18-06-27,ok,upload1,,,,4080.0000000,1.0000000,,,,,,6.0000000
94b595bf04815ac6,5124c01d69ef64ef,anvil-test-2024-10-18-06-27,ok,lofreq_viterbi/2.1.5+galaxy0,,,,16320.0000000,4.0000000,,,,,,1.0000000
e5cdadd46b42187b,5124c01d69ef64ef,anvil-test-2024-10-18-06-27,ok,upload1,,,,4080.0000000,1.0000000,,,,,,6.0000000
db436079c2c39bdd,5124c01d69ef64ef,anvil-test-2024-10-18-06-27,ok,upload1,,,,4080.0000000,1.0000000,,,,,,5.0000000
46e5128b3c721cbc,5124c01d69ef64ef,anvil-test-2024-10-18-06-27,ok,table_compute/1.2.4+galaxy0,,,,4080.0000000,1.0000000,,,,,,1.0000000
d6ac34990b6ed67f,5124c01d69ef64ef,anvil-test-2024-10-18-06-27,ok,upload1,,,,4080.0000000,1.0000000,,,,,,6.0000000
f299f9a2ec667f10,5124c01d69ef64ef,anvil-test-2024-10-18-06-27,ok,table_compute/1.2.4+galaxy0,,,,4080.0000000,1.0000000,,,,,,2.0000000
9d26f006cbd74e26,5124c01d69ef64ef,anvil-test-2024-10-18-06-27,ok,upload1,,,,4080.0000000,1.0000000,,,,,,6.0000000
bf6d93abe49e3b71,5124c01d69ef64ef,anvil-test-2024-10-18-06-27,ok,upload1,,,,4080.0000000,1.0000000,,,,,,6.0000000
dc782f2d758d50bd,5124c01d69ef64ef,anvil-test-2024-10-18-06-27,ok,table_compute/1.2.4+galaxy0,,,,4080.0000000,1.0000000,,,,,,1.0000000
2c2a833cfe2c6660,5124c01d69ef64ef,anvil-test-2024-10-18-06-27,ok,upload1,,,,4080.0000000,1.0000000,,,,,,6.0000000
dcf271cef8c832cd,5124c01d69ef64ef,anvil-test-2024-10-18-06-27,ok,table_compute/1.2.4+galaxy0,,,,4080.0000000,1.0000000,,,,,,2.0000000
bcd9b4c45ca459e7,5124c01d69ef64ef,anvil-test-2024-10-18-06-27,ok,upload1,,,,4080.0000000,1.0000000,,,,,,6.0000000
1fe5d0f42eb449cc,5124c01d69ef64ef,anvil-test-2024-10-18-06-27,ok,table_compute/1.2.4+galaxy0,,,,4080.0000000,1.0000000,,,,,,1.0000000
2cf332814b2cbc31,5124c01d69ef64ef,anvil-test-2024-10-18-06-27,ok,upload1,,,,4080.0000000,1.0000000,,,,,,6.0000000
613986915541fc0a,5124c01d69ef64ef,anvil-test-2024-10-18-06-27,ok,table_compute/1.2.4+galaxy0,,,,4080.0000000,1.0000000,,,,,,1.0000000
28bedc968a43db46,5124c01d69ef64ef,anvil-test-2024-10-18-06-27,ok,upload1,,,,4080.0000000,1.0000000,,,,,,5.0000000
6768a38fffbc4932,5124c01d69ef64ef,anvil-test-2024-10-18-06-27,error,upload1,,,,,,,,,,,
e15ce6afbff825ea,5124c01d69ef64ef,anvil-test-2024-10-18-06-27,ok,table_compute/1.2.4+galaxy0,,,,4080.0000000,1.0000000,,,,,,1.0000000
d11d44b025fb9974,5124c01d69ef64ef,anvil-test-2024-10-18-06-27,ok,upload1,,,,4080.0000000,1.0000000,,,,,,6.0000000
9c7742fd99728188,5124c01d69ef64ef,anvil-test-2024-10-18-06-27,ok,table_compute/1.2.4+galaxy0,,,,4080.0000000,1.0000000,,,,,,2.0000000
188328227d0f7461,5124c01d69ef64ef,anvil-test-2024-10-18-06-27,ok,upload1,,,,4080.0000000,1.0000000,,,,,,6.0000000
e6de0174a1252f25,5124c01d69ef64ef,anvil-test-2024-10-18-06-27,ok,table_compute/1.2.4+galaxy0,,,,4080.0000000,1.0000000,,,,,,1.0000000
deb65ef54c5a6a35,5124c01d69ef64ef,anvil-test-2024-10-18-06-27,ok,upload1,,,,4080.0000000,1.0000000,,,,,,6.0000000
61361b3468121146,5124c01d69ef64ef,anvil-test-2024-10-18-06-27,ok,table_compute/1.2.4+galaxy0,,,,4080.0000000,1.0000000,,,,,,1.0000000
5504dc72e11eccd7,5124c01d69ef64ef,anvil-test-2024-10-18-06-27,ok,upload1,,,,4080.0000000,1.0000000,,,,,,6.0000000
2a58a2f0efce76b7,5124c01d69ef64ef,anvil-test-2024-10-18-06-27,ok,table_compute/1.2.4+galaxy0,,,,4080.0000000,1.0000000,,,,,,1.0000000
705bcc8bb0fd1e44,5124c01d69ef64ef,anvil-test-2024-10-18-06-27,ok,upload1,,,,4080.0000000,1.0000000,,,,,,6.0000000
7cda8d66c4a5cdec,5124c01d69ef64ef,anvil-test-2024-10-18-06-27,ok,upload1,,,,4080.0000000,1.0000000,,,,,,6.0000000
c89cccf131555c94,5124c01d69ef64ef,anvil-test-2024-10-18-06-27,ok,upload1,,,,4080.0000000,1.0000000,,,,,,6.0000000
4125b29212e2b2f2,5124c01d69ef64ef,anvil-test-2024-10-18-06-27,ok,table_compute/1.2.4+galaxy0,,,,4080.0000000,1.0000000,,,,,,2.0000000
001c8e81250ae91a,5124c01d69ef64ef,anvil-test-2024-10-18-06-27,ok,upload1,,,,4080.0000000,1.0000000,,,,,,6.0000000
0d51b2a63f845642,5124c01d69ef64ef,anvil-test-2024-10-18-06-27,ok,table_compute/1.2.4+galaxy0,,,,4080.0000000,1.0000000,,,,,,1.0000000
d9b20f08588ceb26,5124c01d69ef64ef,anvil-test-2024-10-18-06-27,ok,upload1,,,,4080.0000000,1.0000000,,,,,,6.0000000
8b8154eeff13a6a8,5124c01d69ef64ef,anvil-test-2024-10-18-06-27,error,table_compute/1.2.4+galaxy0,,,,,,,,,,,
cea855cc450e6f72,5124c01d69ef64ef,anvil-test-2024-10-18-06-27,ok,upload1,,,,4080.0000000,1.0000000,,,,,,6.0000000
1abf5faf51c00215,5124c01d69ef64ef,anvil-test-2024-10-18-06-27,ok,table_compute/1.2.4+galaxy0,,,,4080.0000000,1.0000000,,,,,,1.0000000
1cd3f113fb29efdd,5124c01d69ef64ef,anvil-test-2024-10-18-06-27,ok,upload1,,,,4080.0000000,1.0000000,,,,,,6.0000000
c10093d6ad98c48b,5124c01d69ef64ef,anvil-test-2024-10-18-06-27,ok,table_compute/1.2.4+galaxy0,,,,4080.0000000,1.0000000,,,,,,1.0000000
5958bdd5ecda708b,5124c01d69ef64ef,anvil-test-2024-10-18-06-27,ok,upload1,,,,4080.0000000,1.0000000,,,,,,6.0000000
55d5e887af6edfdd,5124c01d69ef64ef,anvil-test-2024-10-18-06-27,ok,table_compute/1.2.4+galaxy0,,,,4080.0000000,1.0000000,,,,,,1.0000000
f04d1ac0e1548283,5124c01d69ef64ef,anvil-test-2024-10-18-06-27,ok,upload1,,,,4080.0000000,1.0000000,,,,,,6.0000000
b0c677015ecc0425,5124c01d69ef64ef,anvil-test-2024-10-18-06-27,ok,table_compute/1.2.4+galaxy0,,,,4080.0000000,1.0000000,,,,,,1.0000000
ba5beadf92fd372e,5124c01d69ef64ef,anvil-test-2024-10-18-06-27,ok,upload1,,,,4080.0000000,1.0000000,,,,,,6.0000000
307564a827b05254,5124c01d69ef64ef,anvil-test-2024-10-18-06-27,ok,table_compute/1.2.4+galaxy0,,,,4080.0000000,1.0000000,,,,,,1.0000000
9c846dec233b6634,5124c01d69ef64ef,anvil-test-2024-10-18-06-27,ok,upload1,,,,4080.0000000,1.0000000,,,,,,5.0000000
7f10efcd164e23bd,5124c01d69ef64ef,anvil-test-2024-10-18-06-27,ok,table_compute/1.2.4+galaxy0,,,,4080.0000000,1.0000000,,,,,,2.0000000
e75e86b0ad776cef,5124c01d69ef64ef,anvil-test-2024-10-18-06-27,ok,upload1,,,,4080.0000000,1.0000000,,,,,,6.0000000
a6115480b1b7ffe0,5124c01d69ef64ef,anvil-test-2024-10-18-06-27,ok,upload1,,,,4080.0000000,1.0000000,,,,,,6.0000000
abffeebc6efd7f9e,5124c01d69ef64ef,anvil-test-2024-10-18-06-27,ok,upload1,,,,4080.0000000,1.0000000,,,,,,6.0000000
e44bd63a8c045063,5124c01d69ef64ef,anvil-test-2024-10-18-06-27,error,table_compute/1.2.4+galaxy0,,,,,,,,,,,
b392baaf1e6be8d6,5124c01d69ef64ef,anvil-test-2024-10-18-06-27,ok,upload1,,,,4080.0000000,1.0000000,,,,,,5.0000000
1b96d390a70a2091,5124c01d69ef64ef,anvil-test-2024-10-18-06-27,error,upload1,,,,,,,,,,,
2350ac7988d977b8,5124c01d69ef64ef,anvil-test-2024-10-18-06-27,ok,table_compute/1.2.4+galaxy0,,,,4080.0000000,1.0000000,,,,,,1.0000000
21080c7ea6c43bb7,5124c01d69ef64ef,anvil-test-2024-10-18-06-27,ok,upload1,,,,4080.0000000,1.0000000,,,,,,6.0000000
7f1b3e3bfcbd6ba7,5124c01d69ef64ef,anvil-test-2024-10-18-06-27,ok,table_compute/1.2.4+galaxy0,,,,4080.0000000,1.0000000,,,,,,1.0000000
82c89b702c117741,5124c01d69ef64ef,anvil-test-2024-10-18-06-27,ok,upload1,,,,4080.0000000,1.0000000,,,,,,6.0000000
6b2731223cfe0344,5124c01d69ef64ef,anvil-test-2024-10-18-06-27,error,upload1,,,,,,,,,,,
adee73d2f7facbf5,5124c01d69ef64ef,anvil-test-2024-10-18-06-27,ok,table_compute/1.2.4+galaxy0,,,,4080.0000000,1.0000000,,,,,,1.0000000
d23dc5203aa35417,5124c01d69ef64ef,anvil-test-2024-10-18-06-27,ok,upload1,,,,4080.0000000,1.0000000,,,,,,5.0000000
162a117c9a81bafc,5124c01d69ef64ef,anvil-test-2024-10-18-06-27,ok,table_compute/1.2.4+galaxy0,,,,4080.0000000,1.0000000,,,,,,1.0000000
8800dd6d093885b0,5124c01d69ef64ef,anvil-test-2024-10-18-06-27,ok,upload1,,,,4080.0000000,1.0000000,,,,,,6.0000000
79cf32b17d55c0cd,5124c01d69ef64ef,anvil-test-2024-10-18-06-27,ok,table_compute/1.2.4+galaxy0,,,,4080.0000000,1.0000000,,,,,,2.0000000
4478b2a8029fea3c,5124c01d69ef64ef,anvil-test-2024-10-18-06-27,ok,upload1,,,,4080.0000000,1.0000000,,,,,,6.0000000
51bdcf47656ce080,5124c01d69ef64ef,anvil-test-2024-10-18-06-27,ok,table_compute/1.2.4+galaxy0,,,,4080.0000000,1.0000000,,,,,,1.0000000
db8e5fea007959e5,5124c01d69ef64ef,anvil-test-2024-10-18-06-27,ok,upload1,,,,4080.0000000,1.0000000,,,,,,6.0000000
03eb56b2fe8e42a5,5124c01d69ef64ef,anvil-test-2024-10-18-06-27,ok,table_compute/1.2.4+galaxy0,,,,4080.0000000,1.0000000,,,,,,1.0000000
f189071ef6e21508,5124c01d69ef64ef,anvil-test-2024-10-18-06-27,ok,upload1,,,,4080.0000000,1.0000000,,,,,,6.0000000
13089f5515d20be0,5124c01d69ef64ef,anvil-test-2024-10-18-06-27,ok,table_compute/1.2.4+galaxy0,,,,4080.0000000,1.0000000,,,,,,2.0000000
3806bb05e84b211b,5124c01d69ef64ef,anvil-test-2024-10-18-06-27,ok,upload1,,,,4080.0000000,1.0000000,,,,,,6.0000000
2e74bfe02694c735,5124c01d69ef64ef,anvil-test-2024-10-18-06-27,ok,table_compute/1.2.4+galaxy0,,,,4080.0000000,1.0000000,,,,,,1.0000000
9fcf37006e04ebe2,5124c01d69ef64ef,anvil-test-2024-10-18-06-27,ok,upload1,,,,4080.0000000,1.0000000,,,,,,6.0000000
2bb838ec80567759,5124c01d69ef64ef,anvil-test-2024-10-18-06-27,ok,table_compute/1.2.4+galaxy0,,,,4080.0000000,1.0000000,,,,,,1.0000000
108810505827579d,5124c01d69ef64ef,anvil-test-2024-10-18-06-27,ok,upload1,,,,4080.0000000,1.0000000,,,,,,5.0000000
f17207ac02a1c499,5124c01d69ef64ef,anvil-test-2024-10-18-06-27,ok,table_compute/1.2.4+galaxy0,,,,4080.0000000,1.0000000,,,,,,1.0000000
16c1f26e1206037e,5124c01d69ef64ef,anvil-test-2024-10-18-06-27,ok,upload1,,,,4080.0000000,1.0000000,,,,,,6.0000000
6c1ef7a9dbfdb32f,5124c01d69ef64ef,anvil-test-2024-10-18-06-27,error,table_compute/1.2.4+galaxy0,,,,,,,,,,,
b471083994a52a16,5124c01d69ef64ef,anvil-test-2024-10-18-06-27,ok,upload1,,,,4080.0000000,1.0000000,,,,,,6.0000000
d4676e5c08c6b2df,5124c01d69ef64ef,anvil-test-2024-10-18-06-27,ok,table_compute/1.2.4+galaxy0,,,,4080.0000000,1.0000000,,,,,,1.0000000
468ddab79c1db2d2,5124c01d69ef64ef,anvil-test-2024-10-18-06-27,ok,upload1,,,,4080.0000000,1.0000000,,,,,,5.0000000
4803af5439f5ee6c,5124c01d69ef64ef,anvil-test-2024-10-18-06-27,ok,table_compute/1.2.4+galaxy0,,,,4080.0000000,1.0000000,,,,,,1.0000000
8455e4f68e8ae503,5124c01d69ef64ef,anvil-test-2024-10-18-06-27,ok,upload1,,,,4080.0000000,1.0000000,,,,,,6.0000000
e001a00bc266df01,5124c01d69ef64ef,anvil-test-2024-10-18-06-27,ok,table_compute/1.2.4+galaxy0,,,,4080.0000000,1.0000000,,,,,,1.0000000
dd017ba607b8b249,5124c01d69ef64ef,anvil-test-2024-10-18-06-27,ok,upload1,,,,4080.0000000,1.0000000,,,,,,6.0000000
a9b828ddb93c98a0,5124c01d69ef64ef,anvil-test-2024-10-18-06-27,error,upload1,,,,,,,,,,,
10d9643b7a3e2583,5124c01d69ef64ef,anvil-test-2024-10-18-06-27,ok,scanpy_plot/1.9.6+galaxy4,,,,4080.0000000,1.0000000,,,,,,7.0000000
814a4c7ee39f6ab7,5124c01d69ef64ef,anvil-test-2024-10-18-06-27,ok,upload1,,,,4080.0000000,1.0000000,,,,,,6.0000000
fc34e0a9ede0c707,5124c01d69ef64ef,anvil-test-2024-10-18-06-27,ok,upload1,,,,4080.0000000,1.0000000,,,,,,6.0000000
4ad60d97816d03b3,5124c01d69ef64ef,anvil-test-2024-10-18-06-27,ok,upload1,,,,4080.0000000,1.0000000,,,,,,5.0000000
8eca4386eb3403e0,5124c01d69ef64ef,anvil-test-2024-10-18-06-27,error,upload1,,,,,,,,,,,
f9f8f7e2e6a8a100,5124c01d69ef64ef,anvil-test-2024-10-18-06-27,ok,scanpy_plot/1.9.6+galaxy4,,,,4080.0000000,1.0000000,,,,,,5.0000000
1dfd6c3fbce870d0,5124c01d69ef64ef,anvil-test-2024-10-18-06-27,ok,upload1,,,,4080.0000000,1.0000000,,,,,,5.0000000
62f0e03a0e502173,5124c01d69ef64ef,anvil-test-2024-10-18-06-27,ok,scanpy_plot/1.9.6+galaxy4,,,,4080.0000000,1.0000000,,,,,,24.0000000
e5694d8630c2742b,5124c01d69ef64ef,anvil-test-2024-10-18-06-27,ok,upload1,,,,4080.0000000,1.0000000,,,,,,5.0000000
2f3b094f9d4236cf,5124c01d69ef64ef,anvil-test-2024-10-18-06-27,error,upload1,,,,,,,,,,,
ddd7da0d86cdc962,5124c01d69ef64ef,anvil-test-2024-10-18-06-27,ok,scanpy_plot/1.9.6+galaxy4,,,,4080.0000000,1.0000000,,,,,,4.0000000
8e79e18b6e831ad2,5124c01d69ef64ef,anvil-test-2024-10-18-06-27,ok,upload1,,,,4080.0000000,1.0000000,,,,,,5.0000000
0a631d6e184ceb61,5124c01d69ef64ef,anvil-test-2024-10-18-06-27,ok,scanpy_plot/1.9.6+galaxy4,,,,4080.0000000,1.0000000,,,,,,5.0000000
deabea3c7da1789b,5124c01d69ef64ef,anvil-test-2024-10-18-06-27,ok,upload1,,,,4080.0000000,1.0000000,,,,,,6.0000000
c217f93672bc6b9f,5124c01d69ef64ef,anvil-test-2024-10-18-06-27,ok,scanpy_plot/1.9.6+galaxy4,,,,4080.0000000,1.0000000,,,,,,11.0000000
e7de6b0b846d5c0b,5124c01d69ef64ef,anvil-test-2024-10-18-06-27,ok,upload1,,,,4080.0000000,1.0000000,,,,,,6.0000000
38a7b1d8d1fb3d97,5124c01d69ef64ef,anvil-test-2024-10-18-06-27,ok,scanpy_plot/1.9.6+galaxy4,,,,4080.0000000,1.0000000,,,,,,5.0000000
6583c22e44da626e,5124c01d69ef64ef,anvil-test-2024-10-18-06-27,ok,upload1,,,,4080.0000000,1.0000000,,,,,,6.0000000
ca8d6be4af2d48bf,5124c01d69ef64ef,anvil-test-2024-10-18-06-27,ok,scanpy_plot/1.9.6+galaxy4,,,,4080.0000000,1.0000000,,,,,,4.0000000
484cf24a5c90fe8a,5124c01d69ef64ef,anvil-test-2024-10-18-06-27,ok,upload1,,,,4080.0000000,1.0000000,,,,,,6.0000000
14e4ea3328da6d81,5124c01d69ef64ef,anvil-test-2024-10-18-06-27,ok,scanpy_plot/1.9.6+galaxy4,,,,4080.0000000,1.0000000,,,,,,4.0000000
eb7901f747fcff08,5124c01d69ef64ef,anvil-test-2024-10-18-06-27,ok,upload1,,,,4080.0000000,1.0000000,,,,,,5.0000000
a496e6a279ab5a6c,5124c01d69ef64ef,anvil-test-2024-10-18-06-27,ok,scanpy_plot/1.9.6+galaxy4,,,,4080.0000000,1.0000000,,,,,,11.0000000
51907b86e9d07eea,5124c01d69ef64ef,anvil-test-2024-10-18-06-27,ok,upload1,,,,4080.0000000,1.0000000,,,,,,6.0000000
6d584802f4e2eef7,5124c01d69ef64ef,anvil-test-2024-10-18-06-27,ok,scanpy_plot/1.9.6+galaxy4,,,,4080.0000000,1.0000000,,,,,,5.0000000
3e81da29e8334a6b,5124c01d69ef64ef,anvil-test-2024-10-18-06-27,ok,upload1,,,,4080.0000000,1.0000000,,,,,,6.0000000
c4e3fd2f86c77b9f,5124c01d69ef64ef,anvil-test-2024-10-18-06-27,ok,scanpy_plot/1.9.6+galaxy4,,,,4080.0000000,1.0000000,,,,,,6.0000000
5ef4ab68bb562afa,5124c01d69ef64ef,anvil-test-2024-10-18-06-27,ok,upload1,,,,4080.0000000,1.0000000,,,,,,5.0000000
d4b64734b330926d,5124c01d69ef64ef,anvil-test-2024-10-18-06-27,ok,scanpy_plot/1.9.6+galaxy4,,,,4080.0000000,1.0000000,,,,,,4.0000000
e4b514ba2f5b5706,5124c01d69ef64ef,anvil-test-2024-10-18-06-27,ok,upload1,,,,4080.0000000,1.0000000,,,,,,5.0000000
937a89edd2e712a6,5124c01d69ef64ef,anvil-test-2024-10-18-06-27,ok,scanpy_plot/1.9.6+galaxy4,,,,4080.0000000,1.0000000,,,,,,5.0000000
e6b5c1b0449c2a2c,5124c01d69ef64ef,anvil-test-2024-10-18-06-27,ok,upload1,,,,4080.0000000,1.0000000,,,,,,6.0000000
e664dc1ebb5e0628,5124c01d69ef64ef,anvil-test-2024-10-18-06-27,error,scanpy_plot/1.9.6+galaxy4,,,,,,,,,,,
ab1073613bdb60ac,5124c01d69ef64ef,anvil-test-2024-10-18-06-27,ok,upload1,,,,4080.0000000,1.0000000,,,,,,6.0000000
7972dee39e19dae1,5124c01d69ef64ef,anvil-test-2024-10-18-06-27,ok,scanpy_plot/1.9.6+galaxy4,,,,4080.0000000,1.0000000,,,,,,5.0000000
b51a088f9791524c,5124c01d69ef64ef,anvil-test-2024-10-18-06-27,ok,upload1,,,,4080.0000000,1.0000000,,,,,,5.0000000
ee0023f794d2714e,5124c01d69ef64ef,anvil-test-2024-10-18-06-27,ok,scanpy_plot/1.9.6+galaxy4,,,,4080.0000000,1.0000000,,,,,,4.0000000
0ab4045770b3b716,5124c01d69ef64ef,anvil-test-2024-10-18-06-27,ok,upload1,,,,4080.0000000,1.0000000,,,,,,6.0000000
5ea8a6ec65b25631,5124c01d69ef64ef,anvil-test-2024-10-18-06-27,error,upload1,,,,,,,,,,,
265eece299b04ffa,5124c01d69ef64ef,anvil-test-2024-10-18-06-27,ok,scanpy_plot/1.9.6+galaxy4,,,,4080.0000000,1.0000000,,,,,,5.0000000
3c0995b008fa0904,5124c01d69ef64ef,anvil-test-2024-10-18-06-27,ok,upload1,,,,4080.0000000,1.0000000,,,,,,6.0000000
5a4a152332f04399,5124c01d69ef64ef,anvil-test-2024-10-18-06-27,ok,scanpy_plot/1.9.6+galaxy4,,,,4080.0000000,1.0000000,,,,,,5.0000000
7ae7832d9b25ea7b,5124c01d69ef64ef,anvil-test-2024-10-18-06-27,ok,upload1,,,,4080.0000000,1.0000000,,,,,,6.0000000
56ca11fbd91e9d12,5124c01d69ef64ef,anvil-test-2024-10-18-06-27,ok,scanpy_plot/1.9.6+galaxy4,,,,4080.0000000,1.0000000,,,,,,5.0000000
ab7398e0c661cadd,5124c01d69ef64ef,anvil-test-2024-10-18-06-27,ok,upload1,,,,4080.0000000,1.0000000,,,,,,6.0000000
25f037a8996bd1a3,5124c01d69ef64ef,anvil-test-2024-10-18-06-27,ok,scanpy_plot/1.9.6+galaxy4,,,,4080.0000000,1.0000000,,,,,,5.0000000
972d557af8cc1aad,5124c01d69ef64ef,anvil-test-2024-10-18-06-27,ok,upload1,,,,4080.0000000,1.0000000,,,,,,6.0000000
d1397de06322b5b8,5124c01d69ef64ef,anvil-test-2024-10-18-06-27,ok,scanpy_plot/1.9.6+galaxy4,,,,4080.0000000,1.0000000,,,,,,5.0000000
f8bca746fdc1b0b0,5124c01d69ef64ef,anvil-test-2024-10-18-06-27,ok,upload1,,,,4080.0000000,1.0000000,,,,,,5.0000000
a88733c1358dd8ac,5124c01d69ef64ef,anvil-test-2024-10-18-06-27,ok,scanpy_plot/1.9.6+galaxy4,,,,4080.0000000,1.0000000,,,,,,5.0000000
b33cce9e212c3b91,5124c01d69ef64ef,anvil-test-2024-10-18-06-27,ok,upload1,,,,4080.0000000,1.0000000,,,,,,6.0000000
74bcda9bb5f8ac3e,5124c01d69ef64ef,anvil-test-2024-10-18-06-27,error,upload1,,,,,,,,,,,
ca6e840415e355d2,5124c01d69ef64ef,anvil-test-2024-10-18-06-27,ok,scanpy_plot/1.9.6+galaxy4,,,,4080.0000000,1.0000000,,,,,,6.0000000
cfca075572ad6879,5124c01d69ef64ef,anvil-test-2024-10-18-06-27,ok,upload1,,,,4080.0000000,1.0000000,,,,,,5.0000000
d84f765ea3919d59,5124c01d69ef64ef,anvil-test-2024-10-18-06-27,ok,scanpy_plot/1.9.6+galaxy4,,,,4080.0000000,1.0000000,,,,,,9.0000000
a97f02b4aa014e71,5124c01d69ef64ef,anvil-test-2024-10-18-06-27,ok,upload1,,,,4080.0000000,1.0000000,,,,,,6.0000000
c40abe59dfb91e30,5124c01d69ef64ef,anvil-test-2024-10-18-06-27,ok,scanpy_plot/1.9.6+galaxy4,,,,4080.0000000,1.0000000,,,,,,5.0000000
e0cc26cca9b2f51a,5124c01d69ef64ef,anvil-test-2024-10-18-06-27,ok,upload1,,,,4080.0000000,1.0000000,,,,,,6.0000000
e3609c964614ca19,5124c01d69ef64ef,anvil-test-2024-10-18-06-27,ok,scanpy_plot/1.9.6+galaxy4,,,,4080.0000000,1.0000000,,,,,,4.0000000
41e17f3baf900c7a,5124c01d69ef64ef,anvil-test-2024-10-18-06-27,ok,upload1,,,,4080.0000000,1.0000000,,,,,,6.0000000
8d333a907ff4f9ca,5124c01d69ef64ef,anvil-test-2024-10-18-06-27,error,scanpy_plot/1.9.6+galaxy4,,,,,,,,,,,
a28ec899811ff82a,5124c01d69ef64ef,anvil-test-2024-10-18-06-27,ok,upload1,,,,4080.0000000,1.0000000,,,,,,6.0000000
713a82f03620413b,5124c01d69ef64ef,anvil-test-2024-10-18-06-27,ok,scanpy_plot/1.9.6+galaxy4,,,,4080.0000000,1.0000000,,,,,,5.0000000
97a40ad7e87f5987,5124c01d69ef64ef,anvil-test-2024-10-18-06-27,ok,upload1,,,,4080.0000000,1.0000000,,,,,,6.0000000
32e541981463c724,5124c01d69ef64ef,anvil-test-2024-10-18-06-27,ok,scanpy_plot/1.9.6+galaxy4,,,,4080.0000000,1.0000000,,,,,,4.0000000
7a955cb2d7e49877,5124c01d69ef64ef,anvil-test-2024-10-18-06-27,ok,upload1,,,,4080.0000000,1.0000000,,,,,,6.0000000
4cc76db0f9cf1249,5124c01d69ef64ef,anvil-test-2024-10-18-06-27,ok,scanpy_plot/1.9.6+galaxy4,,,,4080.0000000,1.0000000,,,,,,4.0000000
72a21412c973fe90,5124c01d69ef64ef,anvil-test-2024-10-18-06-27,ok,upload1,,,,4080.0000000,1.0000000,,,,,,6.0000000
bee79c9e89858632,5124c01d69ef64ef,anvil-test-2024-10-18-06-27,ok,scanpy_plot/1.9.6+galaxy4,,,,4080.0000000,1.0000000,,,,,,4.0000000
5624915d48246945,5124c01d69ef64ef,anvil-test-2024-10-18-06-27,ok,upload1,,,,4080.0000000,1.0000000,,,,,,5.0000000
803ad1b3e93e20a2,5124c01d69ef64ef,anvil-test-2024-10-18-06-27,ok,scanpy_plot/1.9.6+galaxy4,,,,4080.0000000,1.0000000,,,,,,7.0000000
62f8b08e61711230,5124c01d69ef64ef,anvil-test-2024-10-18-06-27,ok,upload1,,,,4080.0000000,1.0000000,,,,,,6.0000000
3a839f31f1d74e2a,5124c01d69ef64ef,anvil-test-2024-10-18-06-27,ok,upload1,,,,4080.0000000,1.0000000,,,,,,5.0000000
ae90412f22c6ac84,5124c01d69ef64ef,anvil-test-2024-10-18-06-27,error,scanpy_plot/1.9.6+galaxy4,,,,,,,,,,,
c436402dd9687bf0,5124c01d69ef64ef,anvil-test-2024-10-18-06-27,ok,upload1,,,,4080.0000000,1.0000000,,,,,,6.0000000
f674edcec226572d,5124c01d69ef64ef,anvil-test-2024-10-18-06-27,ok,upload1,,,,4080.0000000,1.0000000,,,,,,6.0000000
23f42e8509f42af5,5124c01d69ef64ef,anvil-test-2024-10-18-06-27,ok,scanpy_plot/1.9.6+galaxy4,,,,4080.0000000,1.0000000,,,,,,4.0000000
c6688af6ca993c62,5124c01d69ef64ef,anvil-test-2024-10-18-06-27,ok,upload1,,,,4080.0000000,1.0000000,,,,,,6.0000000
20b8ef6f3bce2a4b,5124c01d69ef64ef,anvil-test-2024-10-18-06-27,ok,scanpy_plot/1.9.6+galaxy4,,,,4080.0000000,1.0000000,,,,,,24.0000000
c227e41ea82fe067,5124c01d69ef64ef,anvil-test-2024-10-18-06-27,ok,upload1,,,,4080.0000000,1.0000000,,,,,,6.0000000
0464d9b00dd603e0,5124c01d69ef64ef,anvil-test-2024-10-18-06-27,ok,scanpy_plot/1.9.6+galaxy4,,,,4080.0000000,1.0000000,,,,,,6.0000000
d9f1cca8519674c2,5124c01d69ef64ef,anvil-test-2024-10-18-06-27,ok,upload1,,,,4080.0000000,1.0000000,,,,,,6.0000000
acb438cfe5ae1d1e,5124c01d69ef64ef,anvil-test-2024-10-18-06-27,ok,scanpy_plot/1.9.6+galaxy4,,,,4080.0000000,1.0000000,,,,,,4.0000000
55ccf1128f5fc547,5124c01d69ef64ef,anvil-test-2024-10-18-06-27,ok,upload1,,,,4080.0000000,1.0000000,,,,,,6.0000000
e95a7009d2897f79,5124c01d69ef64ef,anvil-test-2024-10-18-06-27,ok,scanpy_plot/1.9.6+galaxy4,,,,4080.0000000,1.0000000,,,,,,5.0000000
c6290d41e4798dbe,5124c01d69ef64ef,anvil-test-2024-10-18-06-27,ok,upload1,,,,4080.0000000,1.0000000,,,,,,6.0000000
729fb38bddfd0f48,5124c01d69ef64ef,anvil-test-2024-10-18-06-27,error,scanpy_plot/1.9.6+galaxy4,,,,,,,,,,,
eb2a363a1d53b586,5124c01d69ef64ef,anvil-test-2024-10-18-06-27,ok,upload1,,,,4080.0000000,1.0000000,,,,,,6.0000000
4cc17c1d15e8e18c,5124c01d69ef64ef,anvil-test-2024-10-18-06-27,ok,scanpy_plot/1.9.6+galaxy4,,,,4080.0000000,1.0000000,,,,,,5.0000000
03cbde08833270f4,5124c01d69ef64ef,anvil-test-2024-10-18-06-27,ok,upload1,,,,4080.0000000,1.0000000,,,,,,6.0000000
ad432656a4c811b6,5124c01d69ef64ef,anvil-test-2024-10-18-06-27,ok,scanpy_plot/1.9.6+galaxy4,,,,4080.0000000,1.0000000,,,,,,4.0000000
7416abbe68b0da2c,5124c01d69ef64ef,anvil-test-2024-10-18-06-27,ok,upload1,,,,4080.0000000,1.0000000,,,,,,6.0000000
3337b83b432333cf,5124c01d69ef64ef,anvil-test-2024-10-18-06-27,ok,scanpy_plot/1.9.6+galaxy4,,,,4080.0000000,1.0000000,,,,,,4.0000000
a7644aa3245ab461,5124c01d69ef64ef,anvil-test-2024-10-18-06-27,ok,upload1,,,,4080.0000000,1.0000000,,,,,,6.0000000
461f45e2957bbb87,5124c01d69ef64ef,anvil-test-2024-10-18-06-27,ok,scanpy_plot/1.9.6+galaxy4,,,,4080.0000000,1.0000000,,,,,,11.0000000
65d003e01c32b55f,5124c01d69ef64ef,anvil-test-2024-10-18-06-27,ok,upload1,,,,4080.0000000,1.0000000,,,,,,5.0000000
601a3316e9ec80c8,5124c01d69ef64ef,anvil-test-2024-10-18-06-27,ok,scanpy_plot/1.9.6+galaxy4,,,,4080.0000000,1.0000000,,,,,,5.0000000
dec962e4d305c017,5124c01d69ef64ef,anvil-test-2024-10-18-06-27,ok,upload1,,,,4080.0000000,1.0000000,,,,,,6.0000000
fb62a26a3127c6e1,5124c01d69ef64ef,anvil-test-2024-10-18-06-27,ok,scanpy_plot/1.9.6+galaxy4,,,,4080.0000000,1.0000000,,,,,,6.0000000
668730544186eab3,5124c01d69ef64ef,anvil-test-2024-10-18-06-27,ok,upload1,,,,4080.0000000,1.0000000,,,,,,6.0000000
0f2729d5833ca8f1,5124c01d69ef64ef,anvil-test-2024-10-18-06-27,ok,scanpy_plot/1.9.6+galaxy4,,,,4080.0000000,1.0000000,,,,,,4.0000000
fe3a4016e335f889,5124c01d69ef64ef,anvil-test-2024-10-18-06-27,ok,upload1,,,,4080.0000000,1.0000000,,,,,,6.0000000
425211fa9ad0f753,5124c01d69ef64ef,anvil-test-2024-10-18-06-27,ok,scanpy_plot/1.9.6+galaxy4,,,,4080.0000000,1.0000000,,,,,,5.0000000
21be714461a75d91,5124c01d69ef64ef,anvil-test-2024-10-18-06-27,ok,upload1,,,,4080.0000000,1.0000000,,,,,,6.0000000
dd7a6bb3afa2d2d7,5124c01d69ef64ef,anvil-test-2024-10-18-06-27,ok,scanpy_plot/1.9.6+galaxy4,,,,4080.0000000,1.0000000,,,,,,5.0000000
99809008ec79db27,5124c01d69ef64ef,anvil-test-2024-10-18-06-27,ok,upload1,,,,4080.0000000,1.0000000,,,,,,6.0000000
dea06117a902770c,5124c01d69ef64ef,anvil-test-2024-10-18-06-27,ok,scanpy_plot/1.9.6+galaxy4,,,,4080.0000000,1.0000000,,,,,,5.0000000
a5ae4f790d42193c,5124c01d69ef64ef,anvil-test-2024-10-18-06-27,ok,upload1,,,,4080.0000000,1.0000000,,,,,,6.0000000
1393f168eabfde55,5124c01d69ef64ef,anvil-test-2024-10-18-06-27,error,scanpy_plot/1.9.6+galaxy4,,,,,,,,,,,
84f20afc21d7325d,5124c01d69ef64ef,anvil-test-2024-10-18-06-27,ok,upload1,,,,4080.0000000,1.0000000,,,,,,6.0000000
578cf637b7a2cf9f,5124c01d69ef64ef,anvil-test-2024-10-18-06-27,ok,scanpy_plot/1.9.6+galaxy4,,,,4080.0000000,1.0000000,,,,,,5.0000000
b3f1144b80ac8900,5124c01d69ef64ef,anvil-test-2024-10-18-06-27,ok,upload1,,,,4080.0000000,1.0000000,,,,,,6.0000000
f7d09f718f37d3b8,5124c01d69ef64ef,anvil-test-2024-10-18-06-27,ok,scanpy_plot/1.9.6+galaxy4,,,,4080.0000000,1.0000000,,,,,,4.0000000
841fae039b6bd6dc,5124c01d69ef64ef,anvil-test-2024-10-18-06-27,ok,upload1,,,,4080.0000000,1.0000000,,,,,,6.0000000
069aea1f0482f7f1,5124c01d69ef64ef,anvil-test-2024-10-18-06-27,error,upload1,,,,,,,,,,,
800c03813b2196d6,5124c01d69ef64ef,anvil-test-2024-10-18-06-27,ok,scanpy_plot/1.9.6+galaxy4,,,,4080.0000000,1.0000000,,,,,,5.0000000
d31b3c8fa24e1c5f,5124c01d69ef64ef,anvil-test-2024-10-18-06-27,ok,upload1,,,,4080.0000000,1.0000000,,,,,,6.0000000
b7c15764bbf0811d,5124c01d69ef64ef,anvil-test-2024-10-18-06-27,ok,scanpy_plot/1.9.6+galaxy4,,,,4080.0000000,1.0000000,,,,,,4.0000000
2f020a419022ad17,5124c01d69ef64ef,anvil-test-2024-10-18-06-27,ok,upload1,,,,4080.0000000,1.0000000,,,,,,6.0000000
cc2b434a5cf99d3a,5124c01d69ef64ef,anvil-test-2024-10-18-06-27,ok,scanpy_plot/1.9.6+galaxy4,,,,4080.0000000,1.0000000,,,,,,5.0000000
d500a1adc72f9fd6,5124c01d69ef64ef,anvil-test-2024-10-18-06-27,ok,upload1,,,,4080.0000000,1.0000000,,,,,,6.0000000
f25b9478f3548a75,5124c01d69ef64ef,anvil-test-2024-10-18-06-27,error,scanpy_plot/1.9.6+galaxy4,,,,,,,,,,,
1f5c9922c0b179f4,5124c01d69ef64ef,anvil-test-2024-10-18-06-27,ok,upload1,,,,4080.0000000,1.0000000,,,,,,6.0000000
c5dba17d09cfefc5,5124c01d69ef64ef,anvil-test-2024-10-18-06-27,ok,scanpy_plot/1.9.6+galaxy4,,,,4080.0000000,1.0000000,,,,,,5.0000000
f5be932e0b7fa41f,5124c01d69ef64ef,anvil-test-2024-10-18-06-27,ok,upload1,,,,4080.0000000,1.0000000,,,,,,5.0000000
e07a3081c50f7234,5124c01d69ef64ef,anvil-test-2024-10-18-06-27,ok,scanpy_plot/1.9.6+galaxy4,,,,4080.0000000,1.0000000,,,,,,6.0000000
b5890be321b4d926,5124c01d69ef64ef,anvil-test-2024-10-18-06-27,ok,upload1,,,,4080.0000000,1.0000000,,,,,,6.0000000
b84daa5566a4f322,5124c01d69ef64ef,anvil-test-2024-10-18-06-27,error,scanpy_plot/1.9.6+galaxy4,,,,,,,,,,,
51d3e06a125e6eee,5124c01d69ef64ef,anvil-test-2024-10-18-06-27,ok,upload1,,,,4080.0000000,1.0000000,,,,,,6.0000000
72580f707a262830,5124c01d69ef64ef,anvil-test-2024-10-18-06-27,ok,scanpy_plot/1.9.6+galaxy4,,,,4080.0000000,1.0000000,,,,,,5.0000000
9d78b4004656e1cf,5124c01d69ef64ef,anvil-test-2024-10-18-06-27,ok,upload1,,,,4080.0000000,1.0000000,,,,,,6.0000000
31c62675bdba49be,5124c01d69ef64ef,anvil-test-2024-10-18-06-27,ok,scanpy_plot/1.9.6+galaxy4,,,,4080.0000000,1.0000000,,,,,,5.0000000
989a40101e2bb70d,5124c01d69ef64ef,anvil-test-2024-10-18-06-27,ok,upload1,,,,4080.0000000,1.0000000,,,,,,7.0000000
e20d2fe82c411b9d,5124c01d69ef64ef,anvil-test-2024-10-18-06-27,ok,scanpy_plot/1.9.6+galaxy4,,,,4080.0000000,1.0000000,,,,,,5.0000000
2b5c7b4a9fe625f7,5124c01d69ef64ef,anvil-test-2024-10-18-06-27,ok,upload1,,,,4080.0000000,1.0000000,,,,,,6.0000000
c3720cb7b8806057,5124c01d69ef64ef,anvil-test-2024-10-18-06-27,ok,scanpy_plot/1.9.6+galaxy4,,,,4080.0000000,1.0000000,,,,,,5.0000000
22077a6b58a8c3bb,5124c01d69ef64ef,anvil-test-2024-10-18-06-27,ok,upload1,,,,4080.0000000,1.0000000,,,,,,6.0000000
14c1368917284a41,5124c01d69ef64ef,anvil-test-2024-10-18-06-27,ok,scanpy_plot/1.9.6+galaxy4,,,,4080.0000000,1.0000000,,,,,,5.0000000
6ab15b97bc0d5958,5124c01d69ef64ef,anvil-test-2024-10-18-06-27,ok,upload1,,,,4080.0000000,1.0000000,,,,,,5.0000000
d439572b8cf53dc5,5124c01d69ef64ef,anvil-test-2024-10-18-06-27,error,scanpy_plot/1.9.6+galaxy4,,,,,,,,,,,
bc759f862b998a3f,5124c01d69ef64ef,anvil-test-2024-10-18-06-27,ok,upload1,,,,4080.0000000,1.0000000,,,,,,6.0000000
21021fedf9df6786,5124c01d69ef64ef,anvil-test-2024-10-18-06-27,error,upload1,,,,,,,,,,,
125e3c191530cca6,5124c01d69ef64ef,anvil-test-2024-10-18-06-27,error,alevin/1.5.1+galaxy0,,,,,,,,,,,
28805a251ea55634,5124c01d69ef64ef,anvil-test-2024-10-18-06-27,ok,upload1,,,,4080.0000000,1.0000000,,,,,,6.0000000
4694d6ba3d70ba09,5124c01d69ef64ef,anvil-test-2024-10-18-06-27,ok,upload1,,,,4080.0000000,1.0000000,,,,,,6.0000000
4743b954519ad67f,5124c01d69ef64ef,anvil-test-2024-10-18-06-27,ok,upload1,,,,4080.0000000,1.0000000,,,,,,6.0000000
fcb15b0c316d4b8b,5124c01d69ef64ef,anvil-test-2024-10-18-06-27,ok,upload1,,,,4080.0000000,1.0000000,,,,,,6.0000000
68ff3292945dccb0,5124c01d69ef64ef,anvil-test-2024-10-18-06-27,error,alevin/1.5.1+galaxy0,,,,,,,,,,,
b83294adde9eba7f,5124c01d69ef64ef,anvil-test-2024-10-18-06-27,ok,upload1,,,,4080.0000000,1.0000000,,,,,,6.0000000
f7c06ebaa2205172,5124c01d69ef64ef,anvil-test-2024-10-18-06-27,ok,upload1,,,,4080.0000000,1.0000000,,,,,,6.0000000
219bb7980eb11ee1,5124c01d69ef64ef,anvil-test-2024-10-18-06-27,ok,upload1,,,,4080.0000000,1.0000000,,,,,,7.0000000
4c6aab93e363d04c,5124c01d69ef64ef,anvil-test-2024-10-18-06-27,ok,upload1,,,,4080.0000000,1.0000000,,,,,,7.0000000
a93c7d803f4af761,5124c01d69ef64ef,anvil-test-2024-10-18-06-27,error,alevin/1.5.1+galaxy0,,,,,,,,,,,
1c649fe5dfa912bb,5124c01d69ef64ef,anvil-test-2024-10-18-06-27,ok,upload1,,,,4080.0000000,1.0000000,,,,,,6.0000000
5bf1e5c940901baf,5124c01d69ef64ef,anvil-test-2024-10-18-06-27,ok,upload1,,,,4080.0000000,1.0000000,,,,,,6.0000000
b8576417c7e66ad5,5124c01d69ef64ef,anvil-test-2024-10-18-06-27,ok,upload1,,,,4080.0000000,1.0000000,,,,,,6.0000000
a54cabc90dcd33cb,5124c01d69ef64ef,anvil-test-2024-10-18-06-27,ok,upload1,,,,4080.0000000,1.0000000,,,,,,6.0000000
fb2499c13c212c7a,5124c01d69ef64ef,anvil-test-2024-10-18-06-27,error,alevin/1.5.1+galaxy0,,,,,,,,,,,
459bd816af9d7e4d,5124c01d69ef64ef,anvil-test-2024-10-18-06-27,ok,upload1,,,,4080.0000000,1.0000000,,,,,,6.0000000
6a4b6857a3a8ff80,5124c01d69ef64ef,anvil-test-2024-10-18-06-27,ok,upload1,,,,4080.0000000,1.0000000,,,,,,6.0000000
024b1855379dd8fd,5124c01d69ef64ef,anvil-test-2024-10-18-06-27,ok,upload1,,,,4080.0000000,1.0000000,,,,,,6.0000000
0371ef3c3a983541,5124c01d69ef64ef,anvil-test-2024-10-18-06-27,ok,upload1,,,,4080.0000000,1.0000000,,,,,,6.0000000
7acd8e80528e5593,5124c01d69ef64ef,anvil-test-2024-10-18-06-27,ok,anndata_export/0.7.5+galaxy1,,,,16320.0000000,4.0000000,,,,,,1.0000000
b7031b98d2c2e933,5124c01d69ef64ef,anvil-test-2024-10-18-06-27,ok,upload1,,,,4080.0000000,1.0000000,,,,,,6.0000000
de7710955c67d326,5124c01d69ef64ef,anvil-test-2024-10-18-06-27,ok,anndata_export/0.7.5+galaxy1,,,,16320.0000000,4.0000000,,,,,,2.0000000
b740602317b4c00e,5124c01d69ef64ef,anvil-test-2024-10-18-06-27,ok,upload1,,,,4080.0000000,1.0000000,,,,,,6.0000000
b21aef42f0cb4971,5124c01d69ef64ef,anvil-test-2024-10-18-06-27,ok,anndata_export/0.7.5+galaxy1,,,,16320.0000000,4.0000000,,,,,,2.0000000
403fd3a62c331f1d,5124c01d69ef64ef,anvil-test-2024-10-18-06-27,ok,upload1,,,,4080.0000000,1.0000000,,,,,,6.0000000
097731dcf66c9188,5124c01d69ef64ef,anvil-test-2024-10-18-06-27,ok,anndata_export/0.7.5+galaxy1,,,,16320.0000000,4.0000000,,,,,,1.0000000
48a40b7bcbaa7e32,5124c01d69ef64ef,anvil-test-2024-10-18-06-27,ok,upload1,,,,4080.0000000,1.0000000,,,,,,6.0000000
50648a1a5edbf880,5124c01d69ef64ef,anvil-test-2024-10-18-06-27,ok,anndata_export/0.7.5+galaxy1,,,,16320.0000000,4.0000000,,,,,,1.0000000
a59fc3645f629b2b,5124c01d69ef64ef,anvil-test-2024-10-18-06-27,ok,upload1,,,,4080.0000000,1.0000000,,,,,,5.0000000
b31105373f2d8697,5124c01d69ef64ef,anvil-test-2024-10-18-06-27,ok,anndata_export/0.7.5+galaxy1,,,,16320.0000000,4.0000000,,,,,,1.0000000
2eb6397877d0b019,5124c01d69ef64ef,anvil-test-2024-10-18-06-27,ok,upload1,,,,4080.0000000,1.0000000,,,,,,6.0000000
a03dedad3d764768,5124c01d69ef64ef,anvil-test-2024-10-18-06-27,ok,bam_to_sam/2.0.4,,,,4080.0000000,1.0000000,,,,,,0E-7
b4c44635e97ec4c0,5124c01d69ef64ef,anvil-test-2024-10-18-06-27,ok,upload1,,,,4080.0000000,1.0000000,,,,,,6.0000000
cce39cfc95fa2f63,5124c01d69ef64ef,anvil-test-2024-10-18-06-27,ok,bam_to_sam/2.0.4,,,,4080.0000000,1.0000000,,,,,,0E-7
d66cdc46c39c7ef9,5124c01d69ef64ef,anvil-test-2024-10-18-06-27,ok,upload1,,,,4080.0000000,1.0000000,,,,,,6.0000000
0fb35767f3ae47cd,5124c01d69ef64ef,anvil-test-2024-10-18-06-27,error,bam_to_sam/2.0.4,,,,,,,,,,,
2ac26bf07a1af3e7,5124c01d69ef64ef,anvil-test-2024-10-18-06-27,ok,upload1,,,,4080.0000000,1.0000000,,,,,,7.0000000
fb709de8990204f0,5124c01d69ef64ef,anvil-test-2024-10-18-06-27,ok,samtools_merge/1.9,,,,4080.0000000,1.0000000,,,,,,0E-7
e64d83cc0dcf2cf9,5124c01d69ef64ef,anvil-test-2024-10-18-06-27,ok,upload1,,,,4080.0000000,1.0000000,,,,,,6.0000000
6fdbb4dddbc21f55,5124c01d69ef64ef,anvil-test-2024-10-18-06-27,ok,upload1,,,,4080.0000000,1.0000000,,,,,,6.0000000
d10348a80e32a4ca,5124c01d69ef64ef,anvil-test-2024-10-18-06-27,error,samtools_merge/1.9,,,,,,,,,,,
b4b08b7d273b5415,5124c01d69ef64ef,anvil-test-2024-10-18-06-27,ok,upload1,,,,4080.0000000,1.0000000,,,,,,6.0000000
5db1eb62384c82b0,5124c01d69ef64ef,anvil-test-2024-10-18-06-27,ok,upload1,,,,4080.0000000,1.0000000,,,,,,6.0000000
2a7deb351cf70f1c,5124c01d69ef64ef,anvil-test-2024-10-18-06-27,ok,samtools_merge/1.9,,,,4080.0000000,1.0000000,,,,,,0E-7
17e92716a4f22c6f,5124c01d69ef64ef,anvil-test-2024-10-18-06-27,ok,upload1,,,,4080.0000000,1.0000000,,,,,,6.0000000
a7adc1b2be7e7cbb,5124c01d69ef64ef,anvil-test-2024-10-18-06-27,ok,samtools_merge/1.9,,,,4080.0000000,1.0000000,,,,,,0E-7
f57f8aded1a63ebc,5124c01d69ef64ef,anvil-test-2024-10-18-06-27,ok,upload1,,,,4080.0000000,1.0000000,,,,,,6.0000000
9dcd1313cac99739,5124c01d69ef64ef,anvil-test-2024-10-18-06-27,ok,upload1,,,,4080.0000000,1.0000000,,,,,,6.0000000
1da403642231c25d,5124c01d69ef64ef,anvil-test-2024-10-18-06-27,ok,upload1,,,,4080.0000000,1.0000000,,,,,,6.0000000
b5ff0e15c6fc25f8,5124c01d69ef64ef,anvil-test-2024-10-18-06-27,ok,upload1,,,,4080.0000000,1.0000000,,,,,,6.0000000
16e2d14bfacb8d25,5124c01d69ef64ef,anvil-test-2024-10-18-06-27,ok,upload1,,,,4080.0000000,1.0000000,,,,,,6.0000000
0f7741f5c567c2f4,5124c01d69ef64ef,anvil-test-2024-10-18-06-27,error,upload1,,,,,,,,,,,
05eeb88d83af87ea,5124c01d69ef64ef,anvil-test-2024-10-18-06-27,ok,samtools_merge/1.9,,,,4080.0000000,1.0000000,,,,,,0E-7
4f2bb8764ab8886d,5124c01d69ef64ef,anvil-test-2024-10-18-06-27,ok,upload1,,,,4080.0000000,1.0000000,,,,,,6.0000000
0f0934bfa35af48d,5124c01d69ef64ef,anvil-test-2024-10-18-06-27,ok,upload1,,,,4080.0000000,1.0000000,,,,,,6.0000000
f650a2ae6e7a6704,5124c01d69ef64ef,anvil-test-2024-10-18-06-27,ok,samtools_merge/1.9,,,,4080.0000000,1.0000000,,,,,,0E-7
df373490b61191d9,5124c01d69ef64ef,anvil-test-2024-10-18-06-27,ok,upload1,,,,4080.0000000,1.0000000,,,,,,6.0000000
567f02f76f17e2c3,5124c01d69ef64ef,anvil-test-2024-10-18-06-27,ok,upload1,,,,4080.0000000,1.0000000,,,,,,6.0000000
99e39539d8b6b720,5124c01d69ef64ef,anvil-test-2024-10-18-06-27,ok,samtools_merge/1.9,,,,4080.0000000,1.0000000,,,,,,0E-7
a0aa88cecb84f91e,5124c01d69ef64ef,anvil-test-2024-10-18-06-27,ok,upload1,,,,4080.0000000,1.0000000,,,,,,7.0000000
d605048b0392732c,5124c01d69ef64ef,anvil-test-2024-10-18-06-27,ok,samtools_merge/1.9,,,,4080.0000000,1.0000000,,,,,,0E-7
580f58c362aee7ac,5124c01d69ef64ef,anvil-test-2024-10-18-06-27,ok,upload1,,,,4080.0000000,1.0000000,,,,,,7.0000000
448f951ea891c443,5124c01d69ef64ef,anvil-test-2024-10-18-06-27,ok,upload1,,,,4080.0000000,1.0000000,,,,,,6.0000000
1c7e6c21c3c783a2,5124c01d69ef64ef,anvil-test-2024-10-18-06-27,ok,upload1,,,,4080.0000000,1.0000000,,,,,,6.0000000
f87cb0d64d7bd987,5124c01d69ef64ef,anvil-test-2024-10-18-06-27,ok,samtools_merge/1.9,,,,4080.0000000,1.0000000,,,,,,1.0000000
086389be06839c55,5124c01d69ef64ef,anvil-test-2024-10-18-06-27,ok,upload1,,,,4080.0000000,1.0000000,,,,,,6.0000000
9714a6492569953d,5124c01d69ef64ef,anvil-test-2024-10-18-06-27,ok,upload1,,,,4080.0000000,1.0000000,,,,,,6.0000000
336a513e57a0c423,5124c01d69ef64ef,anvil-test-2024-10-18-06-27,ok,upload1,,,,4080.0000000,1.0000000,,,,,,6.0000000
9c8e55e6b84d69b1,5124c01d69ef64ef,anvil-test-2024-10-18-06-27,ok,upload1,,,,4080.0000000,1.0000000,,,,,,6.0000000
ed530e3020426ec1,5124c01d69ef64ef,anvil-test-2024-10-18-06-27,error,upload1,,,,,,,,,,,
0941dc005a09fb38,5124c01d69ef64ef,anvil-test-2024-10-18-06-27,ok,hisat2/2.2.1+galaxy1,,,,21474.0000000,8.0000000,,,,,,1.0000000
183f2ad6a3c0faf8,5124c01d69ef64ef,anvil-test-2024-10-18-06-27,ok,upload1,,,,4080.0000000,1.0000000,,,,,,6.0000000
a336664c0cb3c10d,5124c01d69ef64ef,anvil-test-2024-10-18-06-27,ok,upload1,,,,4080.0000000,1.0000000,,,,,,6.0000000
799511016f1e8608,5124c01d69ef64ef,anvil-test-2024-10-18-06-27,ok,hisat2/2.2.1+galaxy1,,,,21474.0000000,8.0000000,,,,,,1.0000000
b490953fc4b67cb7,5124c01d69ef64ef,anvil-test-2024-10-18-06-27,ok,upload1,,,,4080.0000000,1.0000000,,,,,,6.0000000
4155e84dff0c6869,5124c01d69ef64ef,anvil-test-2024-10-18-06-27,ok,upload1,,,,4080.0000000,1.0000000,,,,,,6.0000000
b86ef43c205c3b34,5124c01d69ef64ef,anvil-test-2024-10-18-06-27,ok,hisat2/2.2.1+galaxy1,,,,21474.0000000,8.0000000,,,,,,0E-7
9d2885c17d029876,5124c01d69ef64ef,anvil-test-2024-10-18-06-27,ok,upload1,,,,4080.0000000,1.0000000,,,,,,6.0000000
3355f77aeec6a920,5124c01d69ef64ef,anvil-test-2024-10-18-06-27,ok,upload1,,,,4080.0000000,1.0000000,,,,,,6.0000000
2097743ad3373511,5124c01d69ef64ef,anvil-test-2024-10-18-06-27,ok,hisat2/2.2.1+galaxy1,,,,21474.0000000,8.0000000,,,,,,0E-7
af17b126eebaf538,5124c01d69ef64ef,anvil-test-2024-10-18-06-27,ok,upload1,,,,4080.0000000,1.0000000,,,,,,6.0000000
435ed9a037640918,5124c01d69ef64ef,anvil-test-2024-10-18-06-27,ok,upload1,,,,4080.0000000,1.0000000,,,,,,6.0000000
3daa49c30e250146,5124c01d69ef64ef,anvil-test-2024-10-18-06-27,ok,upload1,,,,4080.0000000,1.0000000,,,,,,6.0000000
000ae2345db110f5,5124c01d69ef64ef,anvil-test-2024-10-18-06-27,error,upload1,,,,,,,,,,,
8988f0ae59114033,5124c01d69ef64ef,anvil-test-2024-10-18-06-27,ok,hisat2/2.2.1+galaxy1,,,,21474.0000000,8.0000000,,,,,,1.0000000
4f2dac4422ba7ba1,5124c01d69ef64ef,anvil-test-2024-10-18-06-27,ok,upload1,,,,4080.0000000,1.0000000,,,,,,6.0000000
14471654833714a9,5124c01d69ef64ef,anvil-test-2024-10-18-06-27,ok,upload1,,,,4080.0000000,1.0000000,,,,,,6.0000000
73739410a51441e0,5124c01d69ef64ef,anvil-test-2024-10-18-06-27,ok,upload1,,,,4080.0000000,1.0000000,,,,,,6.0000000
7a6b5984cfeeaf84,5124c01d69ef64ef,anvil-test-2024-10-18-06-27,error,upload1,,,,,,,,,,,
8d2669af3549cefa,5124c01d69ef64ef,anvil-test-2024-10-18-06-27,error,upload1,,,,,,,,,,,
9302d9585dec9939,5124c01d69ef64ef,anvil-test-2024-10-18-06-27,ok,hisat2/2.2.1+galaxy1,,,,21474.0000000,8.0000000,,,,,,1.0000000
c90c503041d04a7a,5124c01d69ef64ef,anvil-test-2024-10-18-06-27,ok,upload1,,,,4080.0000000,1.0000000,,,,,,6.0000000
0d4051adf8ffa3e0,5124c01d69ef64ef,anvil-test-2024-10-18-06-27,ok,upload1,,,,4080.0000000,1.0000000,,,,,,6.0000000
e8287e5bccabd4fe,5124c01d69ef64ef,anvil-test-2024-10-18-06-27,ok,upload1,,,,4080.0000000,1.0000000,,,,,,6.0000000
696026e93c10dd66,5124c01d69ef64ef,anvil-test-2024-10-18-06-27,ok,hisat2/2.2.1+galaxy1,,,,21474.0000000,8.0000000,,,,,,1.0000000
7a04148bd81cb7d0,5124c01d69ef64ef,anvil-test-2024-10-18-06-27,ok,upload1,,,,4080.0000000,1.0000000,,,,,,6.0000000
b2801015e57a5116,5124c01d69ef64ef,anvil-test-2024-10-18-06-27,ok,upload1,,,,4080.0000000,1.0000000,,,,,,6.0000000
19beb63068c4fbd0,5124c01d69ef64ef,anvil-test-2024-10-18-06-27,ok,upload1,,,,4080.0000000,1.0000000,,,,,,7.0000000
16ffef28f5edf4db,5124c01d69ef64ef,anvil-test-2024-10-18-06-27,ok,upload1,,,,4080.0000000,1.0000000,,,,,,6.0000000
8d4912a79fe198f5,5124c01d69ef64ef,anvil-test-2024-10-18-06-27,error,upload1,,,,,,,,,,,
d6ae6f21133a6de4,5124c01d69ef64ef,anvil-test-2024-10-18-06-27,ok,hisat2/2.2.1+galaxy1,,,,21474.0000000,8.0000000,,,,,,0E-7
f4b59f9a427980d2,5124c01d69ef64ef,anvil-test-2024-10-18-06-27,ok,upload1,,,,4080.0000000,1.0000000,,,,,,6.0000000
963b268aa9fa67f3,5124c01d69ef64ef,anvil-test-2024-10-18-06-27,ok,upload1,,,,4080.0000000,1.0000000,,,,,,6.0000000
660b8882b7df3f05,5124c01d69ef64ef,anvil-test-2024-10-18-06-27,ok,hisat2/2.2.1+galaxy1,,,,21474.0000000,8.0000000,,,,,,1.0000000
6ba6ad05a27a7c64,5124c01d69ef64ef,anvil-test-2024-10-18-06-27,ok,upload1,,,,4080.0000000,1.0000000,,,,,,6.0000000
69a33f233b00de0e,5124c01d69ef64ef,anvil-test-2024-10-18-06-27,ok,upload1,,,,4080.0000000,1.0000000,,,,,,6.0000000
3ae10f0dcf5d69bf,5124c01d69ef64ef,anvil-test-2024-10-18-06-27,ok,upload1,,,,4080.0000000,1.0000000,,,,,,6.0000000
c1875be5df797382,5124c01d69ef64ef,anvil-test-2024-10-18-06-27,ok,hisat2/2.2.1+galaxy1,,,,21474.0000000,8.0000000,,,,,,1.0000000
3e355380858c0758,5124c01d69ef64ef,anvil-test-2024-10-18-06-27,ok,upload1,,,,4080.0000000,1.0000000,,,,,,6.0000000
a3d7d70302e8033e,5124c01d69ef64ef,anvil-test-2024-10-18-06-27,ok,upload1,,,,4080.0000000,1.0000000,,,,,,6.0000000
026c9a2e77737ff4,5124c01d69ef64ef,anvil-test-2024-10-18-06-27,ok,upload1,,,,4080.0000000,1.0000000,,,,,,7.0000000
9d12987d36876fd3,5124c01d69ef64ef,anvil-test-2024-10-18-06-27,error,hisat2/2.2.1+galaxy1,,,,21474.0000000,8.0000000,,,,,,0E-7
ec774cd7a89340f2,5124c01d69ef64ef,anvil-test-2024-10-18-06-27,ok,upload1,,,,4080.0000000,1.0000000,,,,,,6.0000000
2803b3ec43c224f2,5124c01d69ef64ef,anvil-test-2024-10-18-06-27,ok,upload1,,,,4080.0000000,1.0000000,,,,,,5.0000000
212537062a328788,5124c01d69ef64ef,anvil-test-2024-10-18-06-27,ok,hisat2/2.2.1+galaxy1,,,,21474.0000000,8.0000000,,,,,,1.0000000
c20546d5cb4cfd53,5124c01d69ef64ef,anvil-test-2024-10-18-06-27,ok,upload1,,,,4080.0000000,1.0000000,,,,,,7.0000000
2f786d1623452c99,5124c01d69ef64ef,anvil-test-2024-10-18-06-27,ok,upload1,,,,4080.0000000,1.0000000,,,,,,6.0000000
b5dfcff7fdccfbbc,5124c01d69ef64ef,anvil-test-2024-10-18-06-27,ok,upload1,,,,4080.0000000,1.0000000,,,,,,6.0000000
e29ca7302ca4fe46,5124c01d69ef64ef,anvil-test-2024-10-18-06-27,ok,hisat2/2.2.1+galaxy1,,,,21474.0000000,8.0000000,,,,,,1.0000000
8cd80e640b616ae7,5124c01d69ef64ef,anvil-test-2024-10-18-06-27,ok,upload1,,,,4080.0000000,1.0000000,,,,,,6.0000000
1b88334d5e224e0b,5124c01d69ef64ef,anvil-test-2024-10-18-06-27,ok,upload1,,,,4080.0000000,1.0000000,,,,,,6.0000000
b2ccdef27040b04c,5124c01d69ef64ef,anvil-test-2024-10-18-06-27,ok,upload1,,,,4080.0000000,1.0000000,,,,,,6.0000000
70966e43075f54e0,5124c01d69ef64ef,anvil-test-2024-10-18-06-27,error,upload1,,,,,,,,,,,
351041f798ce4b30,5124c01d69ef64ef,anvil-test-2024-10-18-06-27,error,upload1,,,,,,,,,,,
f8f47e40579fc9df,5124c01d69ef64ef,anvil-test-2024-10-18-06-27,ok,hisat2/2.2.1+galaxy1,,,,21474.0000000,8.0000000,,,,,,1.0000000
45bc328f361bdbf4,5124c01d69ef64ef,anvil-test-2024-10-18-06-27,ok,upload1,,,,4080.0000000,1.0000000,,,,,,7.0000000
7372afcc72b63f0b,5124c01d69ef64ef,anvil-test-2024-10-18-06-27,ok,upload1,,,,4080.0000000,1.0000000,,,,,,6.0000000
8878e558a185a57d,5124c01d69ef64ef,anvil-test-2024-10-18-06-27,ok,upload1,,,,4080.0000000,1.0000000,,,,,,6.0000000
619245ee8d067554,5124c01d69ef64ef,anvil-test-2024-10-18-06-27,error,upload1,,,,,,,,,,,
52c43176f6270195,5124c01d69ef64ef,anvil-test-2024-10-18-06-27,ok,hisat2/2.2.1+galaxy1,,,,21474.0000000,8.0000000,,,,,,1.0000000
26a1c45c2cc9b065,5124c01d69ef64ef,anvil-test-2024-10-18-06-27,ok,upload1,,,,4080.0000000,1.0000000,,,,,,6.0000000
2e6d1d519bcbda83,5124c01d69ef64ef,anvil-test-2024-10-18-06-27,ok,upload1,,,,4080.0000000,1.0000000,,,,,,6.0000000
29785b6722ca7855,5124c01d69ef64ef,anvil-test-2024-10-18-06-27,ok,hisat2/2.2.1+galaxy1,,,,21474.0000000,8.0000000,,,,,,0E-7
4e4f3c63433bf0e7,5124c01d69ef64ef,anvil-test-2024-10-18-06-27,ok,upload1,,,,4080.0000000,1.0000000,,,,,,6.0000000
e116794c9145900d,5124c01d69ef64ef,anvil-test-2024-10-18-06-27,ok,upload1,,,,4080.0000000,1.0000000,,,,,,6.0000000
97e337cc225ba5fa,5124c01d69ef64ef,anvil-test-2024-10-18-06-27,ok,hisat2/2.2.1+galaxy1,,,,21474.0000000,8.0000000,,,,,,0E-7
05b3ddb930c13e60,5124c01d69ef64ef,anvil-test-2024-10-18-06-27,ok,upload1,,,,4080.0000000,1.0000000,,,,,,6.0000000
6277eb6023ec4ec5,5124c01d69ef64ef,anvil-test-2024-10-18-06-27,ok,upload1,,,,4080.0000000,1.0000000,,,,,,6.0000000
2183d6e1aca47555,5124c01d69ef64ef,anvil-test-2024-10-18-06-27,ok,hisat2/2.2.1+galaxy1,,,,21474.0000000,8.0000000,,,,,,1.0000000
d198555dec403eb3,5124c01d69ef64ef,anvil-test-2024-10-18-06-27,ok,upload1,,,,4080.0000000,1.0000000,,,,,,6.0000000
081689707179fe1d,5124c01d69ef64ef,anvil-test-2024-10-18-06-27,ok,upload1,,,,4080.0000000,1.0000000,,,,,,5.0000000
28da1cb2ce1cdb4e,5124c01d69ef64ef,anvil-test-2024-10-18-06-27,ok,upload1,,,,4080.0000000,1.0000000,,,,,,5.0000000
fcf65d5eb0589b3f,5124c01d69ef64ef,anvil-test-2024-10-18-06-27,ok,upload1,,,,4080.0000000,1.0000000,,,,,,6.0000000
95d7f9bc4261bb51,5124c01d69ef64ef,anvil-test-2024-10-18-06-27,error,upload1,,,,,,,,,,,
76b2ecac48433db3,5124c01d69ef64ef,anvil-test-2024-10-18-06-27,ok,hisat2/2.2.1+galaxy1,,,,21474.0000000,8.0000000,,,,,,1.0000000
db8add859bc8b028,5124c01d69ef64ef,anvil-test-2024-10-18-06-27,ok,upload1,,,,4080.0000000,1.0000000,,,,,,5.0000000
f2be61aa7f247a8d,5124c01d69ef64ef,anvil-test-2024-10-18-06-27,ok,upload1,,,,4080.0000000,1.0000000,,,,,,5.0000000
081ffab31ca10113,5124c01d69ef64ef,anvil-test-2024-10-18-06-27,ok,upload1,,,,4080.0000000,1.0000000,,,,,,6.0000000
93f9ab995fc84a50,5124c01d69ef64ef,anvil-test-2024-10-18-06-27,ok,hisat2/2.2.1+galaxy1,,,,21474.0000000,8.0000000,,,,,,1.0000000
dc8f6e654a05c612,5124c01d69ef64ef,anvil-test-2024-10-18-06-27,ok,upload1,,,,4080.0000000,1.0000000,,,,,,5.0000000
99511a3c8bdcd570,5124c01d69ef64ef,anvil-test-2024-10-18-06-27,ok,upload1,,,,4080.0000000,1.0000000,,,,,,5.0000000
cea836bc92690d2c,5124c01d69ef64ef,anvil-test-2024-10-18-06-27,ok,upload1,,,,4080.0000000,1.0000000,,,,,,5.0000000
6c59108939a42272,5124c01d69ef64ef,anvil-test-2024-10-18-06-27,ok,upload1,,,,4080.0000000,1.0000000,,,,,,6.0000000
189a00afe817194a,5124c01d69ef64ef,anvil-test-2024-10-18-06-27,error,upload1,,,,,,,,,,,
2e1a5bd9e94a4470,5124c01d69ef64ef,anvil-test-2024-10-18-06-27,ok,hisat2/2.2.1+galaxy1,,,,21474.0000000,8.0000000,,,,,,1.0000000
aef9a5d8cedf0616,5124c01d69ef64ef,anvil-test-2024-10-18-06-27,ok,upload1,,,,4080.0000000,1.0000000,,,,,,6.0000000
7f3864090f0a16f8,5124c01d69ef64ef,anvil-test-2024-10-18-06-27,ok,upload1,,,,4080.0000000,1.0000000,,,,,,6.0000000
135140c7b3fcaaf5,5124c01d69ef64ef,anvil-test-2024-10-18-06-27,ok,hisat2/2.2.1+galaxy1,,,,21474.0000000,8.0000000,,,,,,1.0000000
1ffb07f0ed9cd939,5124c01d69ef64ef,anvil-test-2024-10-18-06-27,ok,upload1,,,,4080.0000000,1.0000000,,,,,,5.0000000
e1f9c11a2582e5c2,5124c01d69ef64ef,anvil-test-2024-10-18-06-27,ok,upload1,,,,4080.0000000,1.0000000,,,,,,5.0000000
bef9c1f0d399702e,5124c01d69ef64ef,anvil-test-2024-10-18-06-27,ok,upload1,,,,4080.0000000,1.0000000,,,,,,6.0000000
7f92e0cf60163eae,5124c01d69ef64ef,anvil-test-2024-10-18-06-27,ok,hisat2/2.2.1+galaxy1,,,,21474.0000000,8.0000000,,,,,,1.0000000
2e14ccb3bb0ee88a,5124c01d69ef64ef,anvil-test-2024-10-18-06-27,ok,upload1,,,,4080.0000000,1.0000000,,,,,,6.0000000
489c372684cbaa7c,5124c01d69ef64ef,anvil-test-2024-10-18-06-27,ok,upload1,,,,4080.0000000,1.0000000,,,,,,5.0000000
6f77b03a5746d5ce,5124c01d69ef64ef,anvil-test-2024-10-18-06-27,ok,upload1,,,,4080.0000000,1.0000000,,,,,,5.0000000
9c495257f45c3545,5124c01d69ef64ef,anvil-test-2024-10-18-06-27,error,hisat2/2.2.1+galaxy1,,,,21474.0000000,8.0000000,,,,,,0E-7
deb09c050aa91314,5124c01d69ef64ef,anvil-test-2024-10-18-06-27,ok,upload1,,,,4080.0000000,1.0000000,,,,,,6.0000000
c74f25be99a1abd2,5124c01d69ef64ef,anvil-test-2024-10-18-06-27,ok,upload1,,,,4080.0000000,1.0000000,,,,,,6.0000000
e6c9cd866f24baf5,5124c01d69ef64ef,anvil-test-2024-10-18-06-27,ok,hisat2/2.2.1+galaxy1,,,,21474.0000000,8.0000000,,,,,,1.0000000
8f0bb47121212b22,5124c01d69ef64ef,anvil-test-2024-10-18-06-27,ok,upload1,,,,4080.0000000,1.0000000,,,,,,6.0000000
529318c874b32bed,5124c01d69ef64ef,anvil-test-2024-10-18-06-27,ok,upload1,,,,4080.0000000,1.0000000,,,,,,6.0000000
2263adf9a241d84e,5124c01d69ef64ef,anvil-test-2024-10-18-06-27,ok,upload1,,,,4080.0000000,1.0000000,,,,,,6.0000000
6ee5b4297f9c3943,5124c01d69ef64ef,anvil-test-2024-10-18-06-27,ok,upload1,,,,4080.0000000,1.0000000,,,,,,5.0000000
34ed3012444873db,5124c01d69ef64ef,anvil-test-2024-10-18-06-27,ok,upload1,,,,4080.0000000,1.0000000,,,,,,5.0000000
1939a821621c0f5a,5124c01d69ef64ef,anvil-test-2024-10-18-06-27,error,upload1,,,,,,,,,,,
4b5c6bf6f5528550,5124c01d69ef64ef,anvil-test-2024-10-18-06-27,ok,poretools_tabular/0.6.1a1.0,,,,12240.0000000,1.0000000,,,,,,1.0000000
be20a7f92b22f3c1,5124c01d69ef64ef,anvil-test-2024-10-18-06-27,ok,upload1,,,,4080.0000000,1.0000000,,,,,,5.0000000
7d5ee4758c405c2c,5124c01d69ef64ef,anvil-test-2024-10-18-06-27,ok,poretools_tabular/0.6.1a1.0,,,,12240.0000000,1.0000000,,,,,,0E-7
0ac6559ef085ff80,5124c01d69ef64ef,anvil-test-2024-10-18-06-27,ok,upload1,,,,4080.0000000,1.0000000,,,,,,6.0000000
476592ec7f24b798,5124c01d69ef64ef,anvil-test-2024-10-18-06-27,ok,poretools_tabular/0.6.1a1.0,,,,12240.0000000,1.0000000,,,,,,1.0000000
0aaba2c6458a3d6d,5124c01d69ef64ef,anvil-test-2024-10-18-06-27,ok,upload1,,,,4080.0000000,1.0000000,,,,,,6.0000000
9f639b511a94a042,5124c01d69ef64ef,anvil-test-2024-10-18-06-27,error,upload1,,,,,,,,,,,
8e7e2a6679cf6b1a,5124c01d69ef64ef,anvil-test-2024-10-18-06-27,ok,poretools_tabular/0.6.1a1.0,,,,12240.0000000,1.0000000,,,,,,1.0000000
14d1e71818f63d8e,5124c01d69ef64ef,anvil-test-2024-10-18-06-27,ok,upload1,,,,4080.0000000,1.0000000,,,,,,6.0000000
41149a16f3894ad8,5124c01d69ef64ef,anvil-test-2024-10-18-06-27,ok,flye/2.9.4+galaxy0,,,,51539.0000000,8.0000000,,,,,,66.0000000
f97d30f69787e331,5124c01d69ef64ef,anvil-test-2024-10-18-06-27,ok,upload1,,,,4080.0000000,1.0000000,,,,,,6.0000000
3075dee696643d4d,5124c01d69ef64ef,anvil-test-2024-10-18-06-27,ok,flye/2.9.4+galaxy0,,,,51539.0000000,8.0000000,,,,,,11.0000000
6c1f55763945fb11,5124c01d69ef64ef,anvil-test-2024-10-18-06-27,ok,upload1,,,,4080.0000000,1.0000000,,,,,,6.0000000
f21919b34e6c5da5,5124c01d69ef64ef,anvil-test-2024-10-18-06-27,ok,upload1,,,,4080.0000000,1.0000000,,,,,,5.0000000
3f8f96a122621d98,5124c01d69ef64ef,anvil-test-2024-10-18-06-27,ok,upload1,,,,4080.0000000,1.0000000,,,,,,6.0000000
dcdc0c39ab76fe53,5124c01d69ef64ef,anvil-test-2024-10-18-06-27,ok,upload1,,,,4080.0000000,1.0000000,,,,,,6.0000000
446e05379880f6ca,5124c01d69ef64ef,anvil-test-2024-10-18-06-27,ok,upload1,,,,4080.0000000,1.0000000,,,,,,6.0000000
4e9649ac7ad31da0,5124c01d69ef64ef,anvil-test-2024-10-18-06-27,ok,upload1,,,,4080.0000000,1.0000000,,,,,,6.0000000
ab5e7285c0620e35,5124c01d69ef64ef,anvil-test-2024-10-18-06-27,ok,upload1,,,,4080.0000000,1.0000000,,,,,,6.0000000
79d6454557ac3870,5124c01d69ef64ef,anvil-test-2024-10-18-06-27,ok,upload1,,,,4080.0000000,1.0000000,,,,,,6.0000000
bfeb57e4bf9d4183,5124c01d69ef64ef,anvil-test-2024-10-18-06-27,ok,upload1,,,,4080.0000000,1.0000000,,,,,,6.0000000
d82b8af5de3ff831,5124c01d69ef64ef,anvil-test-2024-10-18-06-27,ok,flye/2.9.4+galaxy0,,,,51539.0000000,8.0000000,,,,,,15.0000000
5c621dcd15d52792,5124c01d69ef64ef,anvil-test-2024-10-18-06-27,ok,upload1,,,,4080.0000000,1.0000000,,,,,,6.0000000
e46a0776c31d9305,5124c01d69ef64ef,anvil-test-2024-10-18-06-27,ok,upload1,,,,4080.0000000,1.0000000,,,,,,6.0000000
ce32160638236317,5124c01d69ef64ef,anvil-test-2024-10-18-06-27,ok,upload1,,,,4080.0000000,1.0000000,,,,,,6.0000000
1feaa16079a5e0d4,5124c01d69ef64ef,anvil-test-2024-10-18-06-27,ok,upload1,,,,4080.0000000,1.0000000,,,,,,7.0000000
b4ad2521e91701ba,5124c01d69ef64ef,anvil-test-2024-10-18-06-27,ok,upload1,,,,4080.0000000,1.0000000,,,,,,6.0000000
02a7bd1cf9195f3e,5124c01d69ef64ef,anvil-test-2024-10-18-06-27,ok,upload1,,,,4080.0000000,1.0000000,,,,,,6.0000000
eb6106d7ee4d0c07,5124c01d69ef64ef,anvil-test-2024-10-18-06-27,ok,upload1,,,,4080.0000000,1.0000000,,,,,,6.0000000
96fd7dd19a7a3959,5124c01d69ef64ef,anvil-test-2024-10-18-06-27,ok,upload1,,,,4080.0000000,1.0000000,,,,,,6.0000000
2bb70e906462bd62,5124c01d69ef64ef,anvil-test-2024-10-18-06-27,ok,upload1,,,,4080.0000000,1.0000000,,,,,,7.0000000
4a13f0d69a6d4a91,5124c01d69ef64ef,anvil-test-2024-10-18-06-27,ok,upload1,,,,4080.0000000,1.0000000,,,,,,7.0000000
04b98409f777a7fe,5124c01d69ef64ef,anvil-test-2024-10-18-06-27,ok,upload1,,,,4080.0000000,1.0000000,,,,,,6.0000000
211c90d28b9702ee,5124c01d69ef64ef,anvil-test-2024-10-18-06-27,ok,upload1,,,,4080.0000000,1.0000000,,,,,,6.0000000
7264466351544b64,5124c01d69ef64ef,anvil-test-2024-10-18-06-27,error,upload1,,,,,,,,,,,
d55f27c14eea1c1f,5124c01d69ef64ef,anvil-test-2024-10-18-06-27,ok,upload1,,,,4080.0000000,1.0000000,,,,,,7.0000000
0878520a1a9031ae,5124c01d69ef64ef,anvil-test-2024-10-18-06-27,ok,upload1,,,,4080.0000000,1.0000000,,,,,,6.0000000
652a098bbe694237,5124c01d69ef64ef,anvil-test-2024-10-18-06-27,ok,upload1,,,,4080.0000000,1.0000000,,,,,,6.0000000
e138b489f9d099f0,5124c01d69ef64ef,anvil-test-2024-10-18-06-27,ok,upload1,,,,4080.0000000,1.0000000,,,,,,6.0000000
6657ce2b0aa6fdb6,5124c01d69ef64ef,anvil-test-2024-10-18-06-27,ok,upload1,,,,4080.0000000,1.0000000,,,,,,6.0000000
2b4643a7eb32db72,5124c01d69ef64ef,anvil-test-2024-10-18-06-27,ok,upload1,,,,4080.0000000,1.0000000,,,,,,6.0000000
672e39fa10802339,5124c01d69ef64ef,anvil-test-2024-10-18-06-27,ok,upload1,,,,4080.0000000,1.0000000,,,,,,6.0000000
3018f1d1a9359919,5124c01d69ef64ef,anvil-test-2024-10-18-06-27,error,upload1,,,,,,,,,,,
15bc81f0144739a2,5124c01d69ef64ef,anvil-test-2024-10-18-06-27,ok,upload1,,,,4080.0000000,1.0000000,,,,,,6.0000000
0bfc4986cf26aeeb,5124c01d69ef64ef,anvil-test-2024-10-18-06-27,ok,upload1,,,,4080.0000000,1.0000000,,,,,,7.0000000
a92e92a6b91cf18c,5124c01d69ef64ef,anvil-test-2024-10-18-06-27,ok,upload1,,,,4080.0000000,1.0000000,,,,,,6.0000000
3c0219eba99b8be5,5124c01d69ef64ef,anvil-test-2024-10-18-06-27,ok,upload1,,,,4080.0000000,1.0000000,,,,,,6.0000000
2ebb0297146cfe93,5124c01d69ef64ef,anvil-test-2024-10-18-06-27,ok,upload1,,,,4080.0000000,1.0000000,,,,,,6.0000000
6c7346631ba2e311,5124c01d69ef64ef,anvil-test-2024-10-18-06-27,ok,upload1,,,,4080.0000000,1.0000000,,,,,,6.0000000
4b82611c85e16680,5124c01d69ef64ef,anvil-test-2024-10-18-06-27,ok,upload1,,,,4080.0000000,1.0000000,,,,,,6.0000000
842939f09106a6eb,5124c01d69ef64ef,anvil-test-2024-10-18-06-27,ok,upload1,,,,4080.0000000,1.0000000,,,,,,6.0000000
950acf28f198e65b,5124c01d69ef64ef,anvil-test-2024-10-18-06-27,error,upload1,,,,,,,,,,,
76f14335bb0a901e,5124c01d69ef64ef,anvil-test-2024-10-18-06-27,ok,upload1,,,,4080.0000000,1.0000000,,,,,,6.0000000
1debb0121d832beb,5124c01d69ef64ef,anvil-test-2024-10-18-06-27,ok,upload1,,,,4080.0000000,1.0000000,,,,,,6.0000000
dde3d1e6e227a426,5124c01d69ef64ef,anvil-test-2024-10-18-06-27,ok,upload1,,,,4080.0000000,1.0000000,,,,,,6.0000000
e6068407552d995d,5124c01d69ef64ef,anvil-test-2024-10-18-06-27,ok,upload1,,,,4080.0000000,1.0000000,,,,,,6.0000000
e21aa8a6b51f4e48,5124c01d69ef64ef,anvil-test-2024-10-18-06-27,ok,flye/2.9.4+galaxy0,,,,51539.0000000,8.0000000,,,,,,74.0000000
25e63c98f1d03c9f,5124c01d69ef64ef,anvil-test-2024-10-18-06-27,ok,upload1,,,,4080.0000000,1.0000000,,,,,,6.0000000
e0b8bee435a6d16e,5124c01d69ef64ef,anvil-test-2024-10-18-06-27,ok,upload1,,,,4080.0000000,1.0000000,,,,,,6.0000000
e9c96e659ee33a58,5124c01d69ef64ef,anvil-test-2024-10-18-06-27,ok,upload1,,,,4080.0000000,1.0000000,,,,,,6.0000000
d4909684944173f6,5124c01d69ef64ef,anvil-test-2024-10-18-06-27,ok,upload1,,,,4080.0000000,1.0000000,,,,,,6.0000000
a53084c891724ace,5124c01d69ef64ef,anvil-test-2024-10-18-06-27,ok,upload1,,,,4080.0000000,1.0000000,,,,,,7.0000000
cf20c8925c898fae,5124c01d69ef64ef,anvil-test-2024-10-18-06-27,ok,upload1,,,,4080.0000000,1.0000000,,,,,,6.0000000
fa17751ef1267a4a,5124c01d69ef64ef,anvil-test-2024-10-18-06-27,ok,upload1,,,,4080.0000000,1.0000000,,,,,,6.0000000
5d8d5ecff930db2b,5124c01d69ef64ef,anvil-test-2024-10-18-06-27,ok,upload1,,,,4080.0000000,1.0000000,,,,,,6.0000000
431701c2130d80a8,5124c01d69ef64ef,anvil-test-2024-10-18-06-27,ok,upload1,,,,4080.0000000,1.0000000,,,,,,6.0000000
be6d5f5ccf24fe99,5124c01d69ef64ef,anvil-test-2024-10-18-06-27,ok,flye/2.9.4+galaxy0,,,,51539.0000000,8.0000000,,,,,,66.0000000
d93d9eff147d5253,5124c01d69ef64ef,anvil-test-2024-10-18-06-27,ok,upload1,,,,4080.0000000,1.0000000,,,,,,6.0000000
8390a5b22d1a32c6,5124c01d69ef64ef,anvil-test-2024-10-18-06-27,ok,flye/2.9.4+galaxy0,,,,51539.0000000,8.0000000,,,,,,69.0000000
